5.000000000001492140e-01
6.000000000001506351e-01
8.000000000001534772e-01
-3.999999999998635758e-01
-2.499999999998614442e-01
-2.499999999998614442e-01
-1.499999999998600231e-01
5.000000000014281909e-02
1.000000000001435296e-01
-4.999999999985860200e-02
2.000000000001449507e-01
4.500000000001485034e-01
6.000000000001506351e-01
7.500000000001527667e-01
9.000000000001548983e-01
1.000000000000156319e+00
1.200000000000159162e+00
3.500000000001470823e-01
5.500000000001499245e-01
4.000000000001477929e-01
5.000000000001492140e-01
4.000000000001477929e-01
6.000000000001506351e-01
7.500000000001527667e-01
3.500000000001470823e-01
4.000000000001477929e-01
5.500000000001499245e-01
7.500000000001527667e-01
8.000000000001534772e-01
7.000000000001520561e-01
5.500000000001499245e-01
6.000000000001506351e-01
7.000000000001520561e-01
7.000000000001520561e-01
7.500000000001527667e-01
2.000000000001449507e-01
1.500000000001442402e-01
1.500000000001442402e-01
1.000000000001435296e-01
2.000000000001449507e-01
2.500000000001456613e-01
3.000000000001463718e-01
5.000000000001492140e-01
5.500000000001499245e-01
2.000000000001449507e-01
4.500000000001485034e-01
5.000000000001492140e-01
7.000000000001520561e-01
5.500000000001499245e-01
7.000000000001520561e-01
8.000000000001534772e-01
4.500000000001485034e-01
-2.499999999998614442e-01
-4.999999999985860200e-02
5.000000000014281909e-02
-3.999999999998635758e-01
-3.999999999998635758e-01
-3.499999999998628653e-01
-6.999999999998678391e-01
-6.499999999998671285e-01
-4.999999999998649969e-01
-2.499999999998614442e-01
-4.499999999998642863e-01
-5.499999999998657074e-01
-3.499999999998628653e-01
-2.499999999998614442e-01
-4.999999999985860200e-02
-1.999999999998607336e-01
-4.999999999985860200e-02
1.000000000001435296e-01
-1.999999999998607336e-01
-3.499999999998628653e-01
-3.999999999998635758e-01
-2.499999999998614442e-01
-2.499999999998614442e-01
-9.999999999985931254e-02
-4.499999999998642863e-01
-5.999999999998664180e-01
-6.999999999998678391e-01
-4.999999999998649969e-01
-2.999999999998621547e-01
-1.499999999998600231e-01
-3.499999999998628653e-01
-1.499999999998600231e-01
-9.999999999985931254e-02
1.000000000001435296e-01
-8.499999999998699707e-01
-7.499999999998685496e-01
-6.499999999998671285e-01
-5.499999999998657074e-01
-4.499999999998642863e-01
-1.099999999999873523e+00
-1.149999999999874234e+00
-9.499999999998713918e-01
-7.999999999998692601e-01
-5.999999999998664180e-01
-3.999999999998635758e-01
-1.499999999998600231e-01
-3.499999999998628653e-01
-5.499999999998657074e-01
-2.999999999998621547e-01
-4.999999999985860200e-02
1.500000000001442402e-01
3.500000000001470823e-01
5.000000000001492140e-01
-6.499999999998671285e-01
-4.999999999998649969e-01
-2.999999999998621547e-01
-2.999999999998621547e-01
-9.999999999985931254e-02
-7.499999999998685496e-01
-5.999999999998664180e-01
-6.999999999998678391e-01
-5.999999999998664180e-01
-3.499999999998628653e-01
-5.999999999998664180e-01
-4.999999999998649969e-01
-2.999999999998621547e-01
-9.999999999985931254e-02
-4.999999999985860200e-02
2.000000000001449507e-01
3.500000000001470823e-01
5.500000000001499245e-01
6.500000000001513456e-01
8.000000000001534772e-01
7.000000000001520561e-01
4.000000000001477929e-01
3.000000000001463718e-01
4.500000000001485034e-01
5.500000000001499245e-01
7.500000000001527667e-01
7.000000000001520561e-01
8.000000000001534772e-01
9.000000000001548983e-01
8.500000000001541878e-01
9.500000000001556089e-01
8.000000000001534772e-01
7.000000000001520561e-01
9.000000000001548983e-01
1.000000000000156319e+00
1.250000000000159872e+00
1.050000000000157030e+00
1.150000000000158451e+00
1.450000000000162714e+00
4.000000000001477929e-01
5.500000000001499245e-01
3.500000000001470823e-01
4.500000000001485034e-01
5.500000000001499245e-01
-4.999999999985860200e-02
-1.999999999998607336e-01
-2.999999999998621547e-01
-6.999999999998678391e-01
-5.499999999998657074e-01
-3.499999999998628653e-01
-9.999999999985931254e-02
-3.999999999998635758e-01
-2.499999999998614442e-01
-1.499999999998600231e-01
-2.499999999998614442e-01
-6.999999999998678391e-01
-5.499999999998657074e-01
-3.499999999998628653e-01
-1.999999999998607336e-01
1.421085471520200372e-13
-2.499999999998614442e-01
-9.999999999985931254e-02
-3.499999999998628653e-01
-3.999999999998635758e-01
-9.499999999998713918e-01
-7.999999999998692601e-01
-6.499999999998671285e-01
-3.999999999998635758e-01
-1.999999999998607336e-01
-3.499999999998628653e-01
-1.499999999998600231e-01
1.421085471520200372e-13
1.500000000001442402e-01
3.000000000001463718e-01
-2.499999999998614442e-01
-3.499999999998628653e-01
-1.999999999998607336e-01
-4.499999999998642863e-01
-3.499999999998628653e-01
-3.499999999998628653e-01
-1.999999999998607336e-01
-1.499999999998600231e-01
-6.999999999998678391e-01
-5.499999999998657074e-01
-4.499999999998642863e-01
-2.499999999998614442e-01
-4.999999999985860200e-02
1.500000000001442402e-01
-3.999999999998635758e-01
-2.499999999998614442e-01
-1.999999999998607336e-01
-2.499999999998614442e-01
-5.499999999998657074e-01
-6.999999999998678391e-01
-6.999999999998678391e-01
