1.500000000001442402e-01
-2.499999999998614442e-01
-9.999999999985931254e-02
4.500000000001485034e-01
5.000000000001492140e-01
7.500000000001527667e-01
9.500000000001556089e-01
1.100000000000157740e+00
1.300000000000160583e+00
1.550000000000164135e+00
1.750000000000166978e+00
1.900000000000169109e+00
2.100000000000171951e+00
2.300000000000174794e+00
2.450000000000176925e+00
2.650000000000179767e+00
2.800000000000181899e+00
2.950000000000184031e+00
3.150000000000186873e+00
3.100000000000186162e+00
3.250000000000188294e+00
3.500000000000191847e+00
3.650000000000193978e+00
3.750000000000195399e+00
3.500000000000191847e+00
3.600000000000193268e+00
3.600000000000193268e+00
3.600000000000193268e+00
3.500000000000191847e+00
3.600000000000193268e+00
3.800000000000196110e+00
3.750000000000195399e+00
3.850000000000196820e+00
3.750000000000195399e+00
3.900000000000197531e+00
3.600000000000193268e+00
3.350000000000189715e+00
3.450000000000191136e+00
3.300000000000189004e+00
3.300000000000189004e+00
3.150000000000186873e+00
3.000000000000184741e+00
2.850000000000182609e+00
2.700000000000180478e+00
2.450000000000176925e+00
2.300000000000174794e+00
2.050000000000171241e+00
1.850000000000168399e+00
1.800000000000167688e+00
1.650000000000165556e+00
1.450000000000162714e+00
1.250000000000159872e+00
1.150000000000158451e+00
9.500000000001556089e-01
8.500000000001541878e-01
7.000000000001520561e-01
5.000000000001492140e-01
3.000000000001463718e-01
2.000000000001449507e-01
5.000000000014281909e-02
-1.999999999998607336e-01
-4.499999999998642863e-01
-5.499999999998657074e-01
-6.999999999998678391e-01
-9.999999999998721023e-01
-1.249999999999875655e+00
-1.499999999999879208e+00
-1.749999999999882760e+00
-1.999999999999886313e+00
-2.249999999999889866e+00
-2.449999999999892708e+00
-2.399999999999891998e+00
-2.649999999999895550e+00
-2.799999999999897682e+00
-2.799999999999897682e+00
-2.799999999999897682e+00
-2.999999999999900524e+00
-3.199999999999903366e+00
-3.399999999999906208e+00
-3.599999999999909051e+00
-3.799999999999911893e+00
-3.999999999999914735e+00
-3.949999999999914024e+00
-4.099999999999916156e+00
-4.299999999999918998e+00
-4.349999999999919709e+00
-3.899999999999913314e+00
-3.849999999999912603e+00
-3.749999999999911182e+00
-3.599999999999909051e+00
-3.449999999999906919e+00
-3.199999999999903366e+00
-2.999999999999900524e+00
-2.949999999999899813e+00
-2.749999999999896971e+00
-2.649999999999895550e+00
-2.499999999999893419e+00
-2.399999999999891998e+00
-2.199999999999889155e+00
-1.999999999999886313e+00
-1.799999999999883471e+00
-1.649999999999881339e+00
-1.499999999999879208e+00
-1.349999999999877076e+00
-1.149999999999874234e+00
-1.099999999999873523e+00
-8.999999999998706812e-01
-7.499999999998685496e-01
-5.499999999998657074e-01
-3.499999999998628653e-01
-2.999999999998621547e-01
-9.999999999985931254e-02
1.000000000001435296e-01
3.000000000001463718e-01
5.500000000001499245e-01
6.500000000001513456e-01
8.500000000001541878e-01
1.100000000000157740e+00
1.350000000000161293e+00
1.600000000000164846e+00
1.850000000000168399e+00
2.150000000000172662e+00
2.450000000000176925e+00
2.700000000000180478e+00
3.000000000000184741e+00
3.200000000000187583e+00
3.250000000000188294e+00
3.150000000000186873e+00
3.250000000000188294e+00
3.400000000000190425e+00
3.450000000000191136e+00
3.650000000000193978e+00
3.650000000000193978e+00
3.600000000000193268e+00
3.750000000000195399e+00
3.750000000000195399e+00
3.550000000000192557e+00
3.350000000000189715e+00
3.300000000000189004e+00
3.150000000000186873e+00
3.050000000000185452e+00
2.850000000000182609e+00
2.650000000000179767e+00
2.450000000000176925e+00
2.300000000000174794e+00
2.200000000000173372e+00
1.950000000000169820e+00
1.850000000000168399e+00
1.800000000000167688e+00
1.600000000000164846e+00
1.450000000000162714e+00
1.250000000000159872e+00
1.150000000000158451e+00
9.500000000001556089e-01
7.500000000001527667e-01
5.000000000001492140e-01
4.000000000001477929e-01
1.500000000001442402e-01
-4.999999999985860200e-02
-1.999999999998607336e-01
-2.999999999998621547e-01
-5.499999999998657074e-01
-7.999999999998692601e-01
-1.049999999999872813e+00
-1.349999999999877076e+00
-1.349999999999877076e+00
-1.499999999999879208e+00
-1.699999999999882050e+00
-1.899999999999884892e+00
-1.949999999999885603e+00
-2.199999999999889155e+00
-2.399999999999891998e+00
-2.599999999999894840e+00
-2.799999999999897682e+00
-2.749999999999896971e+00
-2.899999999999899103e+00
-2.899999999999899103e+00
-2.999999999999900524e+00
-3.049999999999901235e+00
-3.249999999999904077e+00
-3.149999999999902656e+00
-3.199999999999903366e+00
-2.949999999999899813e+00
-3.049999999999901235e+00
-3.199999999999903366e+00
-3.299999999999904787e+00
-3.249999999999904077e+00
-2.949999999999899813e+00
-2.899999999999899103e+00
-2.799999999999897682e+00
-2.749999999999896971e+00
-2.649999999999895550e+00
-2.599999999999894840e+00
-2.399999999999891998e+00
-2.249999999999889866e+00
-2.249999999999889866e+00
-2.049999999999887024e+00
-1.849999999999884182e+00
-1.699999999999882050e+00
-1.499999999999879208e+00
