-2.333675477650519081e+00
2.512852711253035221e+00
3.661268444157034230e-01
-8.443892712386298627e-02
-3.859852294796488614e-01
1.827560896274663227e+00
2.942660879850090283e-01
3.489902389246471337e+00
3.324197862184742114e+00
-5.408701524679456751e-01
2.904923274639999775e+00
2.608994187170885048e+00
2.602869769827289570e+00
1.669142165886370988e+00
3.191517500698687559e+00
3.796847697199337013e+00
2.541937477521346356e+00
3.272389413018325754e+00
3.653847977508264400e+00
3.520416407129564718e+00
4.555390356311579403e+00
3.741321861253029013e+00
4.869125586497121461e+00
5.044657967671913212e+00
4.844669503673752153e+00
3.206253641671811927e+00
4.596433567095362882e+00
2.619344137704473052e+00
3.850147651198707166e+00
3.208417230898881645e+00
4.152915553820576200e+00
4.568367398969008342e+00
4.472777814662406648e+00
2.354138381994826279e+00
4.488837247084132898e+00
3.530772156201588352e+00
2.210479980188139848e+00
3.123127604301236815e+00
3.163624337685420063e+00
3.012862342516561931e+00
1.207864939239258861e+00
2.806823212054083250e+00
1.718913021099288008e+00
2.328137510287082268e+00
2.843324558056666618e+00
1.596069429122772609e+00
3.388798560796685955e+00
-1.381393437881692776e-01
1.891454190374088462e+00
-6.311148848936203315e-01
-1.096667362545389546e+00
-1.911871226184014061e+00
-6.265554441338039293e-01
6.931774145459769221e-01
5.591000299376595040e-01
-1.484806878616753978e-01
5.420033976581337676e-01
3.864080100446434796e-02
-2.702165226515300223e+00
3.881394292502723942e-01
-2.846433250480930877e+00
-3.575817242002641283e+00
-1.961626752215646974e+00
-1.301155962850966574e+00
-2.507783130610713229e+00
-4.830077693276213502e+00
-3.490402847159043809e+00
-2.589820678138595955e+00
-1.871282194185506453e+00
-7.972350998757389284e-01
-1.075373122548883398e+00
-3.216800483066846184e+00
-4.108919663364637209e+00
-4.110562185750915809e+00
-2.214555699539997757e+00
-5.081725354367561565e+00
-3.281346082171416434e+00
-3.867282934232622260e+00
-3.226738017983755480e+00
-2.214963323322421740e+00
-3.083139465043728933e+00
-3.644446942544761203e+00
-2.013507660941134869e+00
-2.219856990472225622e+00
-3.925493607274110897e+00
-3.927121402999143918e+00
-3.010102055014364453e+00
-3.101656347567054439e+00
-2.139672308297935199e+00
-1.276982863089334508e+00
-2.752228843909244826e+00
-2.435266838536342959e+00
-3.167485876766605313e-01
-1.838321088659757407e+00
-8.679662306347001310e-01
-1.940883970731440700e-01
-1.732675839203075885e+00
-1.205483948804086269e+00
-2.175335821783074053e+00
-3.988404937509893444e-01
-4.166939828293810821e-01
5.954458277877803241e-01
1.103397197205799457e-01
2.550662320662552940e+00
7.433904954178029989e-01
-2.591330027080594456e-01
1.793096985879490068e+00
7.211695691811649267e-01
2.101790478884472790e+00
1.590180679363624394e+00
3.394762606984974784e+00
2.087151270753040855e+00
3.806002066654810889e+00
2.837823499616422662e+00
3.568542004212133190e+00
3.089350856541015489e+00
3.633684872303168945e+00
5.042035194385705132e+00
3.676084425455997007e+00
4.160333539963752436e+00
4.483408911767210903e+00
4.226993968486002728e+00
3.188354646716750729e+00
4.464118787432364677e+00
4.201757299004990287e+00
3.970148198706492604e+00
3.917089799894613478e+00
3.436901488436386654e+00
4.862593418185454652e+00
3.535491248323589186e+00
3.543057848642934271e+00
5.678203274124490108e+00
4.246560437879229433e+00
2.884856771808793408e+00
3.787489353650688617e+00
3.885768983647087449e+00
1.515846397747541374e+00
2.348952900052802217e+00
2.764173357970840073e+00
2.903287063200685303e+00
1.358908955438143273e+00
2.097101391023008521e+00
3.339964161938177245e+00
1.074153424947074553e+00
-4.337012269242780937e-01
4.792614625768567005e-01
-2.748526165130095733e-01
-2.266634956554488545e-01
-3.262717419078109971e-01
-7.972069924690021459e-02
-2.402913423708616103e-01
9.204233103152439366e-01
-1.590440446851491885e+00
-2.290469994994895231e+00
-7.390299154082394795e-01
-2.608435035091256626e+00
-1.316324655364807528e-01
-1.588418787241308694e+00
-1.617535461627428450e+00
-3.047482768156648536e+00
-2.025676892118600581e+00
-5.053759688342972289e+00
-1.552984673313648534e+00
-2.633814743426449390e+00
-5.817888925046415416e+00
-1.792466483538340372e+00
-3.537626615335148994e+00
-2.063998003852805407e+00
-5.501694178164818538e+00
-3.010457126208188061e+00
-4.179195689494121346e+00
-3.241101397157635233e+00
-4.203065683369906047e+00
-3.835623846162578232e+00
-4.378650909897570109e+00
-5.142414092812801485e+00
-2.130992706399871039e+00
-5.190206911001397749e+00
-1.026981556986416910e+00
-4.354945320889492599e+00
-2.675778943019504919e+00
-4.283179316610079113e+00
-3.390683964792590377e+00
-5.054673407405326557e+00
-2.942209297712925498e+00
-4.501006595483158179e+00
-1.036123683941467588e+00
-3.581539299122471931e+00
-2.594191633691117271e+00
-1.376183912885063476e+00
-3.533232854005098567e+00
-2.575453036477223900e+00
-2.715349964380691539e+00
-1.518814410884341326e+00
-1.506533667084406058e+00
-1.921502760721842895e+00
-1.081543161661792318e+00
-1.569954442521189764e+00
1.460602915883031816e+00
-5.612035081032976658e-01
